59	34	98	20	65
13	51	2	52	12
26	4	78	67	99
24	50	70	78	53
60	72	16	80	7
88	41	85	12	25
17	41	97	56	61
2	77	72	30	97
43	92	50	92	25
68	95	97	85	1
56	100	96	38	56
93	47	74	20	2
59	32	68	63	21
92	1	45	74	36
23	14	25	95	8
83	28	14	69	49
55	10	86	12	11
91	33	29	84	37
35	99	4	44	73
10	45	9	17	48
11	80	17	40	26
77	21	53	62	25
100	49	15	20	67
7	44	37	53	29
88	12	49	18	50
75	40	76	4	1
38	80	4	79	25
77	78	69	75	9
34	23	54	82	65
41	41	39	73	16
13	5	79	42	91
70	18	12	82	52
18	71	10	82	8
87	46	57	14	38
68	61	38	87	46
41	6	29	86	74
75	30	84	76	22
70	37	44	66	25
91	84	22	82	41
19	83	82	44	33
49	58	78	45	16
5	77	43	30	53
55	18	28	23	31
81	76	93	89	63
75	65	34	52	25
47	26	40	43	47
21	89	44	18	13
96	34	29	47	57
2	34	15	94	72
93	10	86	14	67
62	74	89	63	3
87	20	78	65	86
97	59	35	24	80
44	17	30	75	75
4	86	22	25	84
48	71	2	40	47
75	64	26	88	2
98	79	23	20	62
1	7	92	1	43
48	46	22	40	58
32	9	24	60	11
67	27	69	61	2
28	84	75	70	10
5	13	18	3	88
73	87	76	52	50
20	74	88	16	43
49	23	78	76	75
42	48	49	14	34
54	83	56	28	3
63	73	46	13	94
13	36	78	67	35
71	12	99	11	91
93	92	4	2	44
71	86	41	74	37
32	51	59	50	6
97	19	95	63	15
56	30	88	46	10
90	52	40	17	65
71	98	91	18	35
81	89	96	81	54
75	75	99	24	58
93	43	64	92	39
81	24	27	89	78
10	65	57	22	34
52	82	58	29	80
68	12	11	79	83
1	41	95	8	41
63	26	71	64	5
94	1	36	44	51
46	61	65	16	41
6	29	63	1	12
91	87	17	21	23
21	58	10	30	50
30	62	80	66	81
1	29	78	84	12
54	69	75	64	84
58	14	35	84	74
24	4	15	4	84
23	80	93	98	2
98	87	45	68	26
35	39	57	94	68
53	4	27	41	22
26	13	13	10	70
77	40	62	77	85
83	100	49	94	2
73	11	37	19	62
47	10	44	63	93
54	78	16	79	77
16	100	65	46	19
79	26	9	22	18
30	38	87	74	74
93	34	97	29	65
23	40	100	35	42
37	57	63	14	74
41	11	20	65	5
32	49	89	48	15
44	24	8	41	44
89	40	98	20	7
68	4	22	64	36
55	53	31	5	33
65	78	55	84	86
5	81	91	62	41
81	38	82	51	81
47	51	40	19	75
64	21	33	40	54
34	25	54	46	13
16	94	39	81	38
32	19	42	14	76
40	26	99	31	18
91	3	25	8	74
86	84	66	3	1
23	55	33	57	92
34	100	75	2	8
75	8	51	56	47
13	37	59	3	17
17	83	35	67	26
31	22	97	4	56
68	16	36	65	35
25	32	55	75	58
38	98	77	32	97
96	83	73	53	60
50	81	51	63	83
11	47	84	44	27
4	57	49	82	38
51	53	94	96	58
25	46	71	82	37
89	39	8	21	14
12	7	46	87	47
43	41	18	87	5
37	31	98	57	41
24	76	1	27	80
67	76	92	2	97
37	34	57	7	83
19	13	23	49	40
31	38	28	70	3
63	15	92	6	42
21	18	72	76	72
46	94	58	98	14
25	34	23	92	73
3	84	72	53	77
64	88	75	93	68
68	74	82	94	31
78	90	97	65	97
38	89	47	89	94
16	16	48	91	58
38	99	91	49	3
76	39	59	46	26
16	90	44	21	15
31	87	87	93	98
38	70	79	62	15
95	36	24	93	15
31	31	37	72	57
33	57	33	86	62
45	32	70	4	91
93	94	54	42	85
11	75	56	92	18
12	90	34	45	35
1	70	72	93	58
47	57	31	88	78
64	29	52	52	12
43	14	79	79	67
40	58	2	98	97
58	48	86	63	68
49	90	94	100	51
89	76	95	52	34
9	84	3	12	15
92	73	81	100	48
58	35	65	45	60
37	92	27	33	6
26	98	81	77	76
55	84	41	15	12
32	60	9	22	95
24	58	59	68	92
42	10	58	10	81
88	97	36	13	56
1	21	40	64	40
1	28	93	9	97
61	3	40	21	81
30	52	96	57	33
74	40	52	15	55
49	64	81	51	76
48	93	24	49	36
89	84	21	96	8
15	42	48	79	22
96	6	21	87	7
60	77	88	66	47
74	65	7	27	36
1	85	52	26	80
75	43	33	72	59
11	62	48	31	98
70	43	96	53	65
82	94	85	53	42
50	86	19	79	84
48	65	2	98	96
67	24	86	68	33
78	40	93	80	21
87	67	54	41	38
16	15	16	84	28
61	82	96	25	74
31	18	95	45	5
37	40	65	51	59
49	13	51	91	89
76	24	34	56	60
54	3	25	92	37
2	2	28	9	36
26	47	95	58	7
51	93	38	45	15
35	61	5	65	92
34	90	70	17	92
75	17	65	91	19
99	38	10	45	3
51	33	29	52	100
71	83	76	36	61
17	91	91	94	48
40	78	25	60	32
57	58	89	86	88
81	72	54	65	1
87	33	16	2	8
38	29	55	63	57
30	46	54	96	41
20	22	62	82	80
37	39	86	51	47
28	46	8	80	1
45	22	68	73	42
93	10	12	44	80
70	85	19	97	7
26	8	76	41	76
66	29	49	24	30
72	73	26	73	33
64	70	39	56	66
32	7	19	63	33
97	32	88	16	58
80	89	24	35	56
15	22	28	22	92
97	2	24	98	100
5	88	35	82	32
24	3	93	78	87
13	58	43	86	21
97	94	42	43	2
35	38	86	80	4
33	52	55	8	89
6	34	97	37	10
67	56	55	94	73
78	4	79	48	91
24	60	34	53	99
29	73	65	89	62
30	98	5	69	53
22	62	9	4	5
51	49	43	7	37
16	86	48	55	17
50	61	5	5	29
64	27	92	72	14
31	10	84	48	24
10	62	80	42	97
27	99	4	11	83
59	36	10	13	46
93	32	1	30	95
55	92	50	84	52
78	95	98	67	68
99	1	69	55	4
13	53	69	72	69
80	15	15	8	65
69	97	17	3	1
84	30	13	73	41
40	4	28	37	87
88	14	97	58	65
97	75	85	28	58
77	41	25	95	17
100	73	86	3	59
49	6	85	46	5
41	16	42	20	62
21	75	43	83	6
97	10	95	33	31
64	92	8	70	91
55	33	89	3	7
32	54	7	69	82
45	16	29	46	41
21	47	18	80	11
16	28	85	95	2
53	75	95	12	8
65	46	13	9	78
11	7	89	13	11
76	53	7	8	94
51	27	99	42	55
6	29	55	70	42
32	46	4	58	12
96	44	48	49	60
55	57	64	100	96
33	59	57	5	21
76	46	64	53	48
78	75	34	21	41
30	32	83	50	55
100	41	17	59	83
31	64	14	87	61
48	83	54	59	58
50	16	69	32	33
71	98	49	16	10
65	13	63	1	62
11	25	51	15	40
32	96	75	5	10
10	99	83	26	76
73	30	45	38	14
38	81	28	17	93
89	75	94	45	93
28	45	41	42	17
33	56	86	2	96
8	61	49	66	39
37	91	34	15	29
53	30	74	84	63
91	80	17	75	13
26	81	65	60	20
44	28	34	18	76
10	30	43	9	41
49	91	93	85	38
92	93	86	18	13
55	38	9	64	92
35	55	75	16	20
61	13	37	81	82
44	61	90	17	46
16	7	39	2	58
13	12	61	92	44
23	6	66	46	46
4	43	12	18	95
56	44	64	90	18
60	19	40	56	78
11	27	64	77	79
46	83	68	51	50
14	34	78	93	47
67	81	25	26	96
2	96	5	61	73
81	13	89	12	1
6	23	7	44	63
50	15	81	89	84
55	54	65	10	28
42	6	77	41	66
73	23	7	67	48
98	12	49	30	19
5	12	34	33	84
78	99	64	20	85
6	50	73	86	2
98	44	95	97	57
84	58	39	46	5
52	27	56	14	29
58	12	56	75	89
98	56	49	63	81
91	54	45	38	35
19	21	6	39	12
52	28	81	26	36
37	38	67	38	89
94	31	9	90	18
50	51	48	40	51
82	37	16	85	86
21	68	54	59	78
14	92	10	31	42
58	19	92	4	53
77	8	30	4	37
20	24	37	95	7
27	43	23	13	47
80	33	75	74	88
48	33	27	17	91
80	17	17	25	2
8	28	35	73	53
84	65	31	34	87
13	85	55	96	2
77	61	5	37	32
79	1	33	18	87
10	37	79	79	32
80	20	40	24	54
71	100	80	4	84
25	15	29	21	47
52	88	36	98	23
77	35	50	96	61
65	56	51	42	64
53	39	73	93	56
46	60	55	87	15
73	14	90	72	70
74	29	28	66	54
52	96	82	53	37
60	8	91	47	11
23	41	29	14	47
56	29	78	29	44
92	59	49	25	70
46	43	30	24	61
83	2	52	47	23
58	29	54	99	56
5	96	97	48	78
56	34	10	75	97
79	40	95	81	56
53	31	69	55	64
46	77	77	83	5
44	37	30	27	56
61	99	57	69	49
71	21	60	72	96
70	1	11	78	32
61	52	6	55	45
43	98	79	73	5
40	67	38	49	54
66	74	77	23	55
19	71	6	85	73
10	53	16	75	47
79	66	2	41	75
86	80	39	31	76
57	98	24	39	43
59	20	21	73	69
8	68	39	87	27
93	7	52	37	27
24	45	6	41	89
63	8	95	8	18
94	91	57	99	20
8	46	24	1	82
53	67	64	62	17
66	82	66	55	86
100	58	99	35	60
4	37	95	72	24
76	36	4	63	88
22	31	66	47	40
17	8	10	33	35
31	1	6	40	52
75	18	46	70	57
80	13	73	29	1
57	100	13	57	66
99	5	22	70	77
54	10	95	84	71
27	54	96	38	56
46	97	17	51	41
6	41	41	64	86
40	100	96	9	76
31	93	43	43	59
20	11	39	9	7
1	63	52	38	59
1	52	48	50	12
83	56	38	83	68
12	3	11	79	8
14	31	1	58	60
95	16	29	83	8
43	66	93	52	30
76	54	82	22	51
48	77	86	28	72
73	87	84	77	44
90	56	98	20	95
74	62	18	51	88
80	54	60	51	82
8	70	70	3	33
25	8	22	40	75
20	91	23	60	69
37	68	73	40	41
49	20	37	52	56
39	80	46	25	27
22	91	65	96	49
12	23	36	14	11
62	73	50	59	54
18	16	17	47	14
70	38	92	89	25
18	76	67	79	87
80	79	61	31	40
34	50	2	19	51
64	73	21	82	93
9	65	4	59	41
48	18	84	77	28
8	95	39	89	91
97	94	8	66	94
91	92	15	35	85
84	25	66	90	42
48	52	24	58	25
85	80	77	66	28
98	17	36	15	81
9	67	96	20	94
80	75	10	28	61
22	95	2	11	85
62	47	38	2	16
10	15	83	99	25
60	14	74	51	52
16	59	80	9	58
51	55	91	85	35
76	38	81	30	42
10	14	38	59	42
88	70	83	29	47
95	39	57	36	71
22	19	86	4	64
51	40	54	20	78
48	10	85	95	88
9	75	86	34	96
92	91	8	2	88
53	20	57	22	24
18	44	11	73	41
78	32	47	52	30
77	17	75	57	6
22	14	57	85	98
7	67	39	19	74
66	59	26	33	14
10	100	86	96	85
2	39	33	16	85
76	96	64	12	92
15	99	54	1	54
49	29	82	7	10
76	63	97	25	15
73	94	43	73	81
96	31	98	38	67
19	44	3	62	98
29	9	49	100	81
83	69	20	48	84
40	35	75	13	85
91	86	43	26	36
74	30	77	28	48
77	10	18	52	70
20	62	57	84	43
67	43	38	25	48
94	59	97	2	69
71	20	38	44	87
5	1	27	26	94
80	54	43	90	77
97	40	65	23	64
90	30	65	77	5
23	40	91	75	11
8	24	82	80	76
70	86	56	69	78
1	21	28	45	40
30	49	21	7	36
46	53	49	36	42
91	84	27	38	50
49	39	72	15	30
34	65	83	85	24
38	49	24	93	34
40	59	92	19	28
64	1	21	6	85
15	69	14	38	62
84	30	10	46	42
35	84	85	10	40
69	52	36	72	84
26	56	95	81	23
26	62	82	20	88
75	31	56	9	98
91	53	30	63	14
98	69	50	81	59
14	91	11	78	59
1	12	13	80	65
43	99	30	44	17
98	9	88	51	85
41	25	88	26	32
59	8	24	12	16
90	4	76	26	28
91	95	80	59	33
3	7	71	59	47
99	100	66	47	32
11	40	47	96	100
56	74	29	6	67
60	13	81	76	57
94	9	56	35	17
56	61	94	99	54
71	70	81	65	13
17	89	11	73	78
43	43	77	42	29
67	80	69	45	6
81	63	87	49	91
28	68	85	78	41
54	87	42	69	16
20	88	33	33	37
29	85	40	14	17
23	58	70	72	93
35	16	85	89	4
2	57	93	95	75
56	39	69	93	58
89	7	1	85	5
41	4	8	90	26
26	75	17	17	89
41	46	57	44	89
100	7	64	1	25
24	22	3	54	76
95	66	65	77	6
56	66	41	34	3
30	1	33	3	55
80	69	29	97	72
11	36	15	69	95
48	44	35	67	42
68	39	44	95	73
78	21	30	36	59
49	40	78	60	73
73	78	27	75	5
49	84	55	99	14
19	73	51	1	51
40	38	32	35	92
81	10	65	88	5
40	78	16	1	36
2	54	75	7	29
2	1	74	89	65
43	70	84	31	11
22	83	85	5	4
91	59	45	75	48
68	66	87	93	52
92	89	70	19	3
34	2	30	93	94
86	24	1	11	80
36	41	96	65	5
71	67	34	81	84
46	86	81	77	43
58	42	94	31	64
36	61	21	42	60
32	2	86	39	32
63	9	3	24	13
34	78	28	31	90
4	4	55	9	78
29	29	67	88	61
43	61	23	8	6
17	16	77	57	83
43	96	33	27	87
70	34	7	98	17
68	77	20	14	76
58	43	40	44	86
87	45	63	53	47
32	53	51	90	8
25	57	82	91	68
92	7	14	21	46
47	34	2	83	8
14	80	1	95	91
77	48	95	13	21
18	23	73	94	50
86	21	93	9	51
47	38	51	4	18
19	62	40	67	99
90	61	52	64	16
67	87	11	71	2
12	5	9	74	48
8	8	32	65	68
89	6	71	15	67
95	88	66	90	1
1	86	72	22	11
88	77	87	4	10
13	98	37	33	68
41	51	60	84	39
45	55	28	21	2
24	18	31	51	3
55	12	42	33	97
42	12	40	81	43
62	46	86	5	50
60	60	46	54	53
85	15	29	84	35
85	20	10	9	20
32	82	80	45	19
23	5	22	64	14
89	38	18	38	19
8	27	17	78	13
42	65	13	39	84
90	93	45	33	28
40	25	63	67	40
20	4	48	33	84
46	53	32	38	56
50	30	72	43	62
33	56	93	39	69
83	74	15	98	22
84	91	8	14	3
34	13	91	3	99
12	46	86	59	82
17	77	90	49	1
95	100	20	42	40
35	62	94	20	29
4	30	99	28	14
72	11	5	27	29
56	50	40	61	23
15	33	48	61	34
72	59	62	64	89
89	57	73	88	16
12	88	36	63	59
85	20	76	58	38
95	63	78	28	2
50	24	94	72	40
90	87	54	16	39
68	22	21	61	56
60	99	89	84	10
74	37	72	68	39
16	58	95	14	80
16	97	95	92	80
78	26	97	24	88
62	48	73	42	41
37	80	86	71	33
22	54	94	9	25
21	45	32	48	82
73	60	5	44	78
43	11	62	13	77
61	20	12	86	55
30	8	26	76	67
10	8	8	31	79
99	29	92	30	69
98	96	70	45	72
59	82	41	90	46
86	60	62	60	9
80	10	24	48	99
47	34	82	26	17
65	11	10	49	17
17	55	43	89	25
24	82	46	74	20
35	22	7	77	88
27	23	73	27	16
34	47	83	85	43
18	7	22	92	34
36	89	33	28	76
78	75	86	44	60
10	51	13	16	65
92	7	69	26	3
23	94	7	59	58
65	92	40	26	87
15	98	57	86	2
25	5	28	2	64
79	51	33	37	24
30	92	37	41	84
55	18	52	10	59
50	1	49	65	58
43	29	67	66	44
10	8	18	63	62
72	15	16	68	6
54	62	52	47	45
61	61	25	80	28
39	77	58	54	61
40	98	26	98	6
70	77	96	56	81
62	69	66	78	15
81	20	78	63	2
53	15	56	19	14
65	78	6	38	20
18	4	30	16	55
66	80	10	62	60
32	91	27	41	41
56	94	84	25	79
78	78	43	30	15
1	63	70	66	1
85	35	53	99	97
65	90	50	71	52
21	30	22	58	14
34	36	20	79	32
94	45	37	19	31
72	71	5	52	14
21	31	93	19	23
35	51	48	85	59
46	73	71	23	3
77	10	56	87	34
82	68	50	54	94
85	33	16	13	96
20	83	99	34	12
42	56	11	11	46
56	49	32	3	60
30	93	82	97	44
17	70	88	58	81
50	97	4	46	53
42	54	11	41	89
84	65	18	84	71
37	93	5	95	50
36	38	56	43	82
66	56	94	59	41
70	74	51	10	76
64	47	62	13	27
48	39	68	26	79
77	100	68	4	9
91	55	42	12	27
5	62	39	73	48
11	3	99	42	75
38	59	30	50	2
26	49	30	23	25
82	38	66	8	48
21	73	27	97	15
100	47	71	86	71
82	44	49	56	33
38	95	57	75	5
91	55	26	94	78
74	2	25	68	55
28	28	96	36	93
41	62	26	95	24
82	83	23	20	10
86	21	4	18	42
96	28	32	58	5
69	22	61	67	72
95	74	17	38	97
35	76	6	16	43
51	63	51	73	29
44	95	47	49	95
6	80	12	11	71
90	57	69	18	100
44	55	20	92	95
47	30	27	64	31
1	16	64	79	84
23	24	25	69	39
13	53	94	2	62
9	82	31	57	24
77	22	90	85	17
28	26	37	48	100
56	26	77	83	51
30	20	48	34	56
95	42	12	98	4
18	46	75	25	78
93	5	44	70	46
70	51	67	99	58
37	37	92	6	59
67	44	82	70	16
62	25	78	52	63
61	67	64	21	95
26	7	80	78	75
80	47	91	14	52
75	3	57	31	92
97	72	9	89	51
38	74	89	82	96
70	53	76	98	26
88	79	55	50	24
51	78	53	20	52
67	32	40	88	8
60	25	87	3	8
31	87	54	23	54
46	41	57	88	33
92	5	74	10	53
62	46	68	34	25
87	2	77	27	20
31	45	17	16	53
38	90	76	46	37
80	72	52	6	41
77	28	45	76	74
84	44	95	88	65
65	40	86	69	53
81	14	95	42	71
82	99	34	32	56
73	25	93	58	32
66	28	29	2	32
47	24	64	17	27
45	96	19	66	72
14	29	51	100	1
82	28	38	81	97
75	83	84	96	39
13	83	22	4	52
48	54	2	77	73
18	83	40	72	44
74	80	81	29	26
19	37	71	61	77
69	66	52	19	41
11	48	4	42	10
91	42	39	27	53
22	24	100	51	79
53	78	93	40	72
55	1	54	49	44
19	5	7	68	70
79	27	24	4	92
59	84	13	5	67
93	37	53	11	68
6	72	80	34	43
8	7	56	44	89
69	69	63	25	65
1	63	5	37	96
47	45	98	77	37
26	22	34	21	45
73	76	44	14	82
77	75	12	92	27
67	98	45	100	80
32	67	92	64	69
85	51	42	38	17
80	39	89	19	50
80	89	87	80	25
58	26	75	97	75
76	58	90	87	37
46	74	11	71	98
46	12	70	88	63
83	89	7	15	28
17	70	41	40	33
9	3	68	49	19
40	46	27	84	17
50	81	83	35	5
6	89	48	81	1
23	39	15	89	79
80	91	31	33	78
17	66	14	98	59
67	59	72	7	8
70	16	78	19	19
87	53	94	45	70
69	32	6	79	15
100	92	66	41	67
75	100	90	31	94
40	59	84	56	44
60	15	98	23	60
24	60	85	88	33
61	80	56	24	55
63	72	29	54	18
53	79	50	14	28
66	27	1	40	89
20	85	63	78	82
26	17	64	27	14
99	61	92	96	64
44	98	44	4	82
1	38	95	93	30
67	6	75	67	33
44	65	25	41	56
61	45	90	56	13
56	59	80	11	78
3	45	11	40	30
95	6	46	82	22
46	97	21	28	29
80	30	30	25	52
89	47	17	75	14
60	89	26	31	78
70	23	29	35	73
94	55	54	93	48
84	82	71	16	33
82	39	80	84	32
21	3	41	60	56
61	92	76	28	9
28	59	45	92	67
45	74	60	24	89
46	98	24	71	56
97	87	22	66	71
53	85	76	50	14
20	100	52	8	49
94	18	60	53	55
31	1	40	2	11
11	9	53	62	46
4	19	49	38	74
20	79	74	29	78
48	25	3	64	34
66	70	95	31	83
93	65	2	71	73
19	33	15	7	91
71	7	47	22	86
96	7	65	29	78
21	32	31	56	74
29	79	25	8	7
4	27	95	28	67
54	71	28	17	11
24	100	21	45	28
62	83	87	48	17
73	75	33	15	50
90	9	94	60	45
54	72	88	22	9
71	71	31	95	23
47	36	79	44	58
95	100	91	29	19
31	75	5	28	20
16	48	96	65	39
49	50	64	65	53
95	38	6	6	62
82	94	16	10	80
1	79	91	87	3
18	41	13	92	76
28	15	8	39	6
17	27	74	48	66
29	35	71	36	69
33	80	27	1	71
87	71	89	6	80
93	82	85	63	25
79	87	92	41	36
57	31	56	48	29
93	62	57	65	74
55	28	69	52	58
72	13	85	79	6
43	79	1	28	15
3	61	67	69	40
50	39	13	57	84
14	40	59	97	46
32	53	92	39	55
77	53	33	4	78
34	53	83	79	17
20	59	65	47	8
58	81	12	89	36
14	29	92	29	19
29	22	62	13	94
66	8	91	32	41
92	19	78	46	19
1	69	27	87	29
98	71	52	41	14
88	37	19	70	60
34	77	81	62	93
72	38	48	84	59
36	11	33	35	66
66	54	11	74	80
67	22	6	76	13
96	14	98	5	29
49	77	43	34	72
4	61	61	91	44
87	25	67	98	100
85	25	23	93	81
46	95	28	53	86
42	18	52	30	49
90	63	17	68	74
91	66	97	62	100
1	71	51	79	29
11	68	77	69	12
2	16	1	76	96
36	53	4	35	69
87	55	50	4	17
46	3	21	70	74
62	63	81	9	39
54	54	57	21	55
27	49	38	44	68
40	37	59	36	4
73	60	11	22	2
67	23	26	90	86
69	26	19	93	59
6	13	45	25	70
79	94	19	55	75
12	8	23	45	37
27	97	81	74	14
59	58	1	17	70
52	97	27	22	32
23	94	55	71	58
21	95	43	66	67
44	91	29	23	5
26	8	18	32	59
17	1	19	31	66
74	92	74	68	83
83	64	60	43	69
97	10	74	1	86
32	56	29	80	49
74	61	27	40	46
57	45	84	96	22
59	49	100	55	37
69	6	14	85	51
81	53	33	62	22
14	48	86	12	90
70	42	93	86	86
53	54	11	27	99
10	26	8	71	40
15	52	99	77	19
100	36	49	88	30
65	75	39	62	18
73	2	17	21	92
79	62	17	11	26
49	22	27	49	10
98	49	16	73	42
19	19	41	31	63
54	70	59	63	89
22	56	5	11	78
22	71	96	98	36
81	29	29	31	89
43	4	99	73	70
17	78	40	56	36
6	13	86	14	27
19	59	1	97	94
77	80	58	52	11
94	57	14	28	13
92	92	17	56	41
99	71	53	25	90
71	54	71	90	60
24	79	68	14	49
29	23	29	90	16
23	35	74	100	8
82	52	96	42	92
59	69	15	20	87
86	87	27	40	1
88	2	20	72	90
39	82	19	22	62
17	61	2	47	94
47	77	51	66	37
58	58	57	41	84
59	63	93	70	97
56	5	38	5	12
56	55	58	55	53
67	77	33	70	70
76	71	52	52	62
46	37	78	31	94
59	44	83	92	85
15	86	53	42	5
29	78	22	79	16
26	82	6	31	40
91	25	6	87	97
25	11	66	38	76
34	22	10	75	91
86	61	27	42	78
50	35	94	35	47
52	7	13	46	82
64	54	45	91	9
1	92	65	51	55
25	41	31	48	73
33	31	68	28	82
27	2	92	96	1
19	36	9	35	80
54	33	72	94	70
99	32	35	92	25
41	46	73	14	32
67	95	33	92	54
20	80	75	74	26
89	21	38	68	57
39	26	2	18	43
14	54	3	8	98
44	99	81	67	5
21	66	18	52	41
39	92	37	81	68
42	82	52	55	80
38	22	30	39	22
4	61	31	20	99
78	79	38	94	71
13	42	99	78	10
48	24	60	12	7
47	36	31	1	99
42	71	76	23	76
88	76	36	20	9
99	9	3	73	22
97	72	21	21	26
33	14	92	37	26
36	7	77	17	7
8	34	38	25	7
83	15	13	68	41
46	48	85	58	75
12	49	57	36	15
93	30	85	34	84
53	81	37	89	56
45	38	70	59	94
79	51	14	81	7
30	2	70	78	62
22	11	7	37	63
52	39	73	92	60
21	40	78	56	73
9	22	77	89	28
14	33	67	89	11
20	13	31	23	34
71	69	37	93	3
42	16	52	42	28
24	93	30	76	81
69	4	17	67	33
61	8	22	26	71
51	91	99	91	84
11	17	79	83	81
93	57	23	12	83
70	94	84	67	81
61	31	33	57	49
72	33	43	67	46
22	71	51	8	94
99	61	19	70	22
82	43	1	33	74
46	88	30	10	10
62	49	60	41	88
38	43	38	32	63
57	36	74	30	75
12	27	36	27	61
34	24	70	92	72
93	87	22	50	65
11	34	71	34	35
69	98	56	45	45
52	92	2	69	38
16	26	72	87	98
4	70	21	89	83
20	62	48	38	46
13	83	34	74	75
28	54	78	53	40
26	94	87	99	51
98	75	47	9	62
64	1	36	29	48
76	95	81	94	52
46	69	60	14	59
69	51	20	74	36
64	35	39	79	58
17	40	3	3	60
86	6	66	61	64
77	6	15	7	95
93	99	34	27	97
10	35	65	18	59
83	46	49	46	67
68	88	1	85	52
66	82	57	45	23
2	10	100	80	28
31	12	63	72	65
81	88	95	94	87
45	74	62	19	58
81	39	73	65	14
41	16	58	30	80
69	63	26	90	15
4	51	29	94	5
1	60	53	46	92
31	61	50	9	6
61	35	12	28	94
67	49	38	76	17
31	8	32	99	22
38	10	4	31	15
97	74	70	34	19
77	42	4	27	27
81	73	33	7	7
27	24	15	60	82
67	99	93	69	64
67	27	44	16	36
60	40	68	47	40
43	71	17	37	2
67	26	54	46	7
24	38	57	14	39
20	27	40	77	23
78	71	100	5	64
9	85	49	37	62
52	81	61	52	44
31	14	79	14	38
90	52	15	89	76
84	78	52	10	47
93	9	69	58	23
32	43	95	21	88
61	41	10	38	64
82	31	6	1	83
20	7	48	13	1
17	20	70	16	100
29	100	18	32	9
80	90	44	60	71
3	65	84	76	16
38	82	84	49	44
81	69	62	90	72
21	40	88	63	48
66	86	90	45	60
35	72	57	85	99
63	46	42	58	81
92	33	5	41	68
29	71	43	87	24
98	53	26	21	98
55	27	16	84	65
33	85	85	47	66
60	87	42	48	55
12	18	45	63	14
61	2	27	87	49
12	41	30	34	81
45	4	25	41	47
29	60	82	20	88
76	7	19	2	42
33	86	81	73	68
77	72	62	5	58
80	52	74	34	85
3	67	57	1	5
38	46	50	29	91
58	33	63	58	86
25	31	54	61	49
99	67	54	36	15
69	33	77	7	24
94	58	78	63	43
54	99	43	30	65
85	22	16	78	81
43	84	52	64	18
63	16	23	98	58
90	34	60	74	90
33	94	85	5	39
67	32	64	64	55
94	8	3	49	12
20	35	78	15	61
79	1	85	61	3
12	41	30	19	44
81	25	45	39	40
37	10	1	50	17
12	53	74	83	51
67	100	5	56	74
91	82	71	49	60
53	82	11	51	1
67	4	28	28	52
62	54	45	33	7
47	27	72	51	76
65	47	24	46	44
12	20	96	12	87
58	6	10	100	95
4	39	40	80	28
17	44	52	95	77
83	12	52	15	34
70	12	78	80	61
49	52	87	27	81
64	7	54	23	60
90	53	97	17	93
95	72	83	20	14
45	86	15	32	83
44	53	44	38	29
42	88	100	45	74
78	12	25	40	25
74	63	67	87	21
15	64	55	65	76
79	82	51	62	91
83	69	53	8	88
100	41	64	42	74
31	11	83	34	33
13	76	49	41	56
49	65	72	13	66
45	83	11	62	75
78	90	1	78	79
3	18	64	71	5
50	85	99	33	17
95	94	70	32	39
67	77	20	86	61
27	70	34	27	98
94	88	47	43	43
83	57	43	68	74
87	29	96	79	60
63	39	15	80	78
28	53	61	60	34
88	2	84	10	95
50	72	81	44	26
38	38	13	35	29
89	37	45	8	91
13	95	55	69	85
94	53	37	15	3
45	1	53	33	23
38	79	67	94	85
71	19	87	37	47
74	79	10	24	94
42	65	89	99	85
47	85	46	82	57
78	63	56	37	24
89	19	57	78	92
79	69	41	98	66
42	60	54	22	65
90	31	74	20	50
10	8	79	64	98
86	37	28	44	11
83	14	11	13	9
8	77	92	37	68
93	32	29	4	96
93	71	22	84	86
7	81	45	40	75
31	97	80	61	33
18	74	6	50	3
31	51	5	42	26
19	75	24	18	57
63	70	15	66	5
16	57	78	100	70
32	8	25	66	20
5	77	33	98	30
58	74	20	69	37
69	31	17	84	23
81	97	81	79	55
15	83	39	47	93
61	16	53	66	35
46	99	21	10	16
60	78	29	30	40
28	77	31	20	93
17	100	24	80	27
18	27	21	10	52
54	87	12	7	23
18	75	3	19	31
17	84	34	7	74
68	41	23	37	82
9	93	44	81	50
97	44	3	70	28
85	79	100	57	98
30	65	32	13	13
83	23	7	33	55
83	51	54	90	74
74	48	7	68	15
44	39	31	50	67
42	73	21	76	60
50	56	26	14	20
63	42	17	96	12
31	4	78	28	66
100	79	98	98	12
40	44	76	13	1
87	65	85	68	81
40	77	16	7	26
99	35	89	50	79
38	91	62	87	76
53	30	1	82	73
76	72	65	22	60
56	66	81	81	35
8	52	88	7	32
40	18	20	36	11
26	64	68	79	75
47	19	66	60	57
23	69	38	24	85
68	42	18	4	97
78	72	79	32	54
79	19	75	59	61
86	74	65	60	1
32	91	98	79	91
95	19	58	3	82
42	68	9	46	26
17	48	90	11	88
6	54	48	99	53
62	36	76	29	79
47	99	4	58	89
36	26	78	25	99
70	47	50	67	71
99	4	12	53	14
62	10	27	34	77
41	21	83	58	58
30	35	66	37	75
76	2	56	52	26
35	68	3	52	58
30	79	25	45	33
67	14	15	47	43
71	12	83	24	54
12	40	6	76	81
45	60	66	69	29
63	40	24	78	1
100	87	47	42	94
28	87	10	64	12
92	88	17	87	78
71	17	50	97	17
16	75	69	4	76
41	81	46	12	11
58	53	89	42	11
90	67	8	85	69
34	31	51	82	27
35	52	38	66	10
10	30	83	97	53
94	79	25	49	81
12	19	100	58	9
33	89	67	48	72
56	77	83	66	93
21	48	62	71	70
98	26	93	24	54
23	63	45	22	36
67	3	62	52	43
76	37	74	1	80
28	15	86	83	26
82	21	69	44	69
75	2	91	59	98
53	42	23	59	3
84	62	45	41	53
62	59	86	92	1
30	17	89	35	53
37	22	55	51	79
6	58	47	18	10
12	37	51	42	46
1	11	27	81	58
35	87	25	30	65
80	26	78	84	86
66	6	1	74	5
72	51	47	46	11
4	46	65	18	95
91	55	59	64	100
84	46	28	45	37
43	17	65	31	6
88	51	47	96	55
97	96	22	30	50
79	15	37	67	24
41	54	87	80	65
61	7	17	97	9
77	72	95	56	69
16	86	59	56	83
41	51	9	82	51
25	82	38	92	28
84	38	69	75	73
61	46	88	92	79
33	87	79	9	61
28	4	78	66	55
23	75	43	28	30
84	88	36	59	48
59	81	2	36	91
33	23	7	52	85
10	19	71	74	11
33	25	95	33	13
21	87	88	91	29
43	39	53	27	51
89	26	4	56	74
70	31	66	3	100
2	17	88	26	14
62	51	3	71	41
93	17	4	44	43
23	26	52	68	20
49	43	98	41	53
35	3	45	4	34
67	42	97	76	7
55	56	31	70	83
79	67	96	91	73
24	99	18	85	96
29	34	50	51	29
82	63	77	36	1
34	39	61	20	84
55	83	95	77	98
89	11	9	61	78
56	82	56	97	16
31	28	2	19	71
91	32	7	29	91
83	22	7	80	36
77	6	7	40	84
62	18	60	42	49
17	48	41	32	27
50	67	37	24	80
8	94	33	78	77
89	95	70	56	69
76	33	84	84	1
32	29	71	42	99
3	42	18	37	40
39	15	76	99	80
84	11	96	31	77
17	7	40	51	48
22	91	38	42	31
89	29	84	89	13
80	25	55	78	87
74	33	69	13	27
86	55	56	24	78
43	20	100	10	74
26	59	36	37	34
87	19	48	67	21
30	48	99	73	13
51	23	69	34	65
71	70	94	53	44
17	3	76	83	78
57	42	43	94	12
37	23	52	63	54
78	19	11	96	92
50	4	9	44	65
56	84	55	54	81
16	91	20	59	89
95	15	74	45	79
23	6	63	45	24
34	52	57	55	42
81	72	38	6	4
92	28	58	72	41
29	83	86	66	93
25	26	11	77	73
43	71	35	14	79
2	22	39	8	61
29	91	16	49	92
2	54	45	23	22
95	14	24	78	64
39	94	33	14	48
49	26	20	34	68
61	25	38	15	12
33	58	72	55	73
17	59	17	42	74
16	40	2	45	17
84	62	42	48	88
13	36	70	48	75
58	89	100	43	90
14	76	57	10	78
69	50	100	62	46
47	66	18	2	72
69	55	4	68	2
15	59	20	94	22
49	39	88	18	94
36	15	63	55	66
40	75	39	83	3
42	86	82	90	21
22	44	65	82	86
50	23	54	75	100
79	83	81	17	93
40	17	46	93	5
28	46	37	62	8
68	78	48	100	78
24	50	25	58	53
18	68	74	89	37
13	20	23	84	67
95	15	94	78	78
88	93	92	47	12
12	1	95	46	85
52	3	51	98	37
37	41	94	98	59
49	31	67	36	23
29	12	91	47	23
13	68	10	86	21
34	67	41	20	17
28	39	43	43	87
3	45	100	48	48
84	62	14	55	26
65	98	71	27	91
65	49	12	92	76
15	93	81	26	70
20	61	58	30	75
20	87	39	45	16
14	46	48	63	73
20	83	46	72	2
21	65	88	73	8
82	61	77	53	73
3	54	31	4	11
99	88	71	12	44
56	77	78	50	3
33	59	18	46	20
14	80	58	95	84
53	41	84	46	59
99	78	22	32	19
26	4	53	47	87
8	99	10	67	90
35	97	21	98	20
77	18	38	97	34
99	72	67	62	86
3	22	15	19	48
42	21	40	5	6
36	66	62	27	64
50	93	80	81	88
43	39	70	79	29
13	40	39	87	89
14	77	95	57	50
6	38	39	5	46
29	73	13	57	39
47	96	54	31	37
68	50	76	21	92
54	98	57	61	89
13	59	64	53	45
49	52	98	91	4
1	99	42	17	32
33	5	55	96	3
96	72	25	42	91
39	82	34	99	46
36	55	18	23	74
95	73	53	88	57
96	11	92	42	51
48	42	14	32	38
84	94	65	20	13
46	28	72	49	9
16	40	49	51	29
39	79	25	55	43
14	8	41	42	37
67	98	54	77	90
81	31	87	35	4
10	65	8	78	65
99	47	89	4	27
57	57	69	45	13
76	82	33	32	54
61	55	31	77	73
7	86	1	11	59
26	65	94	2	100
12	91	49	23	57
23	13	88	58	55
24	44	47	86	86
98	70	22	58	69
54	12	94	60	20
98	25	16	34	21
21	35	98	32	84
90	15	32	42	61
28	13	46	76	25
53	57	25	75	41
1	94	53	85	14
94	67	99	47	86
11	20	72	48	85
54	59	77	20	23
44	47	17	45	87
56	70	81	35	76
94	46	34	51	68
69	34	84	29	29
99	5	96	78	11
99	8	23	84	18
99	80	52	9	13
96	49	80	61	30
99	65	25	68	73
73	73	57	14	30
73	22	87	53	98
35	72	83	80	68
45	71	65	72	1
38	58	98	79	30
87	48	69	65	38
75	66	100	55	57
6	47	64	1	73
8	57	89	29	32
32	38	68	6	7
81	25	69	68	78
1	94	40	39	25
94	90	17	50	78
61	91	83	69	2
95	74	33	43	92
33	43	24	92	60
66	100	64	75	50
75	93	16	77	22
96	56	31	14	54
64	26	45	14	1
65	53	49	90	60
44	30	40	55	91
72	97	15	99	83
11	47	64	25	53
79	68	9	81	26
49	62	21	49	92
58	79	38	92	92
88	53	47	77	44
29	14	42	74	51
28	15	23	19	77
71	39	67	13	30
80	35	74	75	61
31	16	92	34	91
48	21	85	82	73
22	43	14	65	49
15	50	48	74	67
18	28	14	7	63
90	67	65	52	46
90	60	9	32	47
12	81	84	8	88
71	83	78	22	7
4	44	81	18	17
9	45	16	40	61
44	2	30	90	47
59	14	90	96	3
10	52	69	67	19
40	3	96	91	74
82	1	34	95	86
18	76	42	63	6
90	52	65	89	27
12	10	41	43	86
35	80	81	99	30
64	33	31	35	9
65	56	66	89	7
83	24	68	13	26
65	5	88	2	78
82	95	68	80	73
7	67	69	25	43
21	91	77	42	3
9	92	40	25	15
3	57	50	75	42
6	54	8	23	25
100	58	98	39	16
6	9	95	10	63
15	98	29	33	37
53	20	9	96	87
41	51	37	46	32
92	57	63	48	32
17	35	38	27	7
93	3	18	85	97
41	44	92	89	61
77	25	21	44	33
51	48	7	12	3
10	55	81	43	32
17	39	82	95	8
99	78	69	40	51
50	48	2	7	25
87	63	93	70	27
20	55	66	100	40
74	73	79	52	39
83	37	53	29	75
29	49	45	87	88
89	19	11	84	48
29	39	54	64	2
15	96	85	22	51
60	34	1	95	23
56	89	67	95	51
63	74	82	24	56
88	49	76	39	63
28	68	10	75	25
31	63	2	80	11
16	3	54	58	99
66	48	62	59	69
91	33	45	68	73
61	4	73	48	70
28	86	6	68	95
98	19	87	57	49
81	56	16	24	51
67	67	78	72	37
59	42	60	59	37
15	50	60	1	71
32	20	93	45	18
37	50	37	62	93
63	84	64	99	47
18	59	85	46	9
5	3	98	8	4
76	58	96	48	88
40	87	58	96	7
98	38	3	76	100
96	43	66	65	46
39	16	94	4	37
99	17	90	59	22
91	34	22	83	22
10	89	14	79	51
10	18	70	64	8
100	82	74	29	5
76	64	85	67	98
8	61	84	24	11
54	75	6	65	33
53	6	47	36	100
40	32	14	29	69
49	24	41	47	63
75	62	37	91	28
2	6	63	50	98
49	63	18	99	35
2	71	62	92	57
97	27	64	84	19
13	32	40	89	16
43	20	41	87	74
68	35	2	29	13
6	79	36	46	2
65	90	80	68	36
26	7	51	78	28
40	12	55	60	82
98	99	14	24	29
49	63	1	7	30
96	43	74	21	81
28	70	99	13	72
29	34	51	29	58
78	23	68	15	19
65	62	9	12	43
55	18	4	35	61
20	14	68	52	19
85	74	88	40	30
37	16	69	4	63
73	72	35	20	56
27	22	88	56	97
80	55	95	14	51
71	1	29	59	73
27	31	6	26	70
31	90	13	16	89
55	32	34	66	66
38	30	80	48	53
89	67	24	49	18
71	48	44	3	42
77	94	59	2	25
14	3	58	17	42
79	33	16	89	81
62	38	71	65	73
60	33	87	39	71
51	20	70	42	2
41	33	15	72	59
17	82	97	17	3
64	12	58	15	76
25	91	48	17	57
35	49	61	23	66
79	72	18	9	80
98	13	86	61	53
34	37	14	51	73
36	81	90	36	70
59	48	31	13	21
70	18	23	15	61
24	55	41	17	26
54	69	55	39	4
86	53	4	56	87
2	30	78	95	2
35	87	46	25	32
18	15	41	45	34
81	22	85	58	28
31	5	62	93	82
82	10	8	59	5
84	91	20	70	95
18	3	29	37	58
81	21	53	68	99
62	16	97	69	6
90	5	24	66	27
5	77	86	27	73
79	4	62	68	17
97	62	58	79	18
33	25	37	14	44
73	24	42	27	33
97	100	81	74	94
16	9	66	61	96
11	54	62	93	20
82	13	42	55	58
34	31	73	17	55
46	5	1	29	91
41	21	57	23	37
12	69	23	97	69
55	38	16	86	15
52	70	59	66	60
50	67	18	75	91
73	85	12	27	37
32	54	85	1	47
23	36	79	28	13
91	37	19	52	18
26	65	75	16	81
75	73	89	45	96
65	42	16	73	32
34	58	41	41	58
89	58	84	71	83
75	37	57	47	86
22	85	62	90	85
24	100	21	62	78
60	21	34	80	24
39	12	9	10	84
53	23	27	37	73
100	91	88	97	92
32	100	44	9	41
71	52	29	47	82
74	95	28	40	70
70	35	28	79	17
80	33	72	16	84
36	11	37	14	48
5	74	64	25	13
35	61	44	48	56
29	96	16	10	60
94	68	87	40	12
26	57	6	36	16
56	59	49	64	85
65	52	84	33	93
12	73	32	36	25
82	12	14	61	64
24	23	83	54	57
74	10	67	38	66
87	11	77	97	85
42	30	35	91	81
70	47	3	82	73
57	39	14	78	97
41	44	73	36	42
25	76	11	67	83
45	12	33	71	85
51	45	67	22	39
61	75	35	39	74
76	83	73	90	31
46	44	77	39	87
42	59	86	93	29
7	64	80	96	79
12	57	85	29	95
93	54	41	79	85
22	36	69	20	28
74	12	47	56	39
54	3	21	33	25
96	56	84	32	77
50	39	9	25	25
60	5	77	82	68
1	89	81	92	31
78	33	60	38	79
84	3	74	63	12
11	60	27	5	9
81	22	84	34	90
51	59	52	57	1
70	55	51	42	15
57	45	26	30	63
31	52	80	93	14
87	35	30	42	17
21	77	96	69	58
12	75	66	57	24
43	37	10	20	58
39	73	59	20	48
11	67	1	45	33
54	78	95	3	44
90	39	46	36	87
40	55	7	92	78
59	61	69	24	23
75	84	47	57	7
31	23	47	97	72
36	4	96	43	43
64	66	11	1	87
13	13	60	69	2
24	28	34	43	13
7	53	36	7	60
54	46	76	74	27
47	98	50	61	8
17	88	73	74	10
49	32	5	98	65
26	65	81	100	17
51	30	10	3	73
84	45	55	48	89
3	49	11	17	35
2	78	51	46	76
44	27	69	59	31
46	31	98	89	43
25	58	82	58	15
100	11	43	87	65
62	95	17	93	49
78	30	99	6	74
20	33	36	22	43
39	3	96	65	74
17	49	65	78	33
13	69	70	45	17
45	62	99	87	47
78	57	24	57	15
4	48	64	76	22
34	19	76	22	94
5	10	59	4	80
44	80	56	64	12
84	87	37	22	66
32	16	68	26	67
83	58	45	61	4
61	62	35	62	3
71	76	70	81	10
38	70	57	15	91
43	70	28	88	72
15	39	32	6	80
59	71	75	5	5
4	22	15	41	73
65	46	16	81	32
4	100	59	12	83
49	39	30	15	64
4	78	37	37	21
8	11	52	61	41
52	58	59	19	77
95	83	84	5	47
27	29	87	24	3
94	79	98	69	94
43	30	72	51	5
21	40	29	78	71
44	60	60	79	16
57	15	72	31	21
60	92	80	49	4
98	9	98	20	41
48	74	13	42	23
68	82	6	45	62
86	93	87	95	66
30	93	26	59	24
66	30	90	29	61
95	32	58	76	74
77	39	57	57	86
2	96	59	37	8
79	63	100	21	100
73	50	30	56	95
54	12	62	67	57
24	45	71	90	65
94	18	31	8	36
78	14	7	10	80
22	37	100	50	68
21	96	5	47	97
27	43	80	5	19
66	82	93	57	62
9	38	15	33	92
85	62	52	41	6
32	26	26	11	7
23	22	13	74	21
86	75	71	9	88
13	12	58	72	56
59	12	73	46	59
14	71	65	65	14
42	10	84	7	19
99	33	5	54	71
13	41	56	28	64
25	3	33	4	64
86	72	51	95	78
69	15	17	10	69
34	77	4	50	44
50	83	70	40	20
53	11	38	69	90
6	78	58	86	87
8	87	57	70	10